36438
40314
43246
43397
43436
1694
6887
8178
8197
9574
11956
1573
1878
12115
12629
7969
16409
1739
6047
6445
6476
6509
7027
7318
8847
8921
9067
9684
988
1669
3880
3930
10170
11544
11726
26608
26637
40654
1139
1599
2953
3131
3429
3711
5420
5522
5620
6345
12539
12694
13548
15111
19534
20123
20419
20583
20683
20754
20840
22043
22657
23041
23407
23784
23843
23928
24096
24138
24206
24392
24887
25003
25117
25237
25320
25424
25577
26101
26278
26519
26605
26781
27756
1476
2063
1428
5117
14976
15489
16969
22358
22918
23061
23144
23204
23571
23812
23898
23945
23985
24018
24067
24100
24131
24654
25083
25342
28531
39927
40159
40891
42156
43922
1811
1227
6393
10454
10596
15491
15985
26781
30536
35737
41463
49320
51863
55949
5178
1352
6370
13438
21034
26281
73501
77634
78561
78635
90636
1240
1625
4071
1412
26148
2191
9005
9092
9163
9181
9237
9339
9388
9813
9897
9976
10012
10069
10117
10157
10186
10218
2774
17506
17665
1102
64619
64879
65003
65051
65095
65163
65656
65740
65831
65884
65974
66600
66695
66900
67207
73906
73997
74193
74330
74554
74918
74977
75036
75135
75219
75421
76132
76240
76409
76515
76756
894
1728
5752
5790
5827
5873
7597
8334
8494
8801
9128
9174
9232
9346
10005
10427
10550
10658
1562
1747
4672
4784
25386
26098
26138
26309
26640
27479
27759
27944
28154
28182
28233
28716
28764
28804
28852
28921
29566
29605
29864
30807
30843
30925
30998
31047
31081
31565
31649
88059
88125
88154
88243
88308
88354
88396
88439
88480
88514
88569
88603
88638
88697
88732
88769
88849
88900
89750
89840
89915
89966
90026
90089
90171
90246
90282
90324
90394
90432
90468
90522
90562
90611
90713
90767
2371
2457
2509
2709
786
1283
1673
1750
1931
2014
2301
2377
2495
2526
2615
652
972
1525
1570
1131
1268
1544
1641
1706
1786
1859
2202
2362
2677
2856
3159
3264
3323
3381
3555
3783
837
21410
21625
21761
26113
42594
46001
46063
46352
89768
90016
90112
90301
90347
90505
94517
94659
95210
95541
96021
96059
96223
96291
96919
96961
97007
97056
97105
1125
1203
2530
2656
1094
1967
3251
6214
9091
9360
9416
10246
10291
10363
10498
10617
10789
11221
11279
13499
13587
20098
20366
21657
23261
23357
26977
27695
27744
27804
28108
28267
38545
42571
43642
43726
44772
44858
44933
45362
48742
48842
48990
49250
49316
49390
49463
49584
49934
52723
53182
53260
840
1122
1629
5015
8085
8169
8216
8353
8416
8625
23063
24938
25050
9350
9532
69130
70617
70725
90894
1449
5208
5278
671
9554
9808
10498
10569
10707
10851
10959
11047
11131
11190
11295
11398
11701
11874
12049
12878
13119
13198
13322
13447
13513
13708
16792
1602
2081
2710
3128
4525
4628
4715
4809
4892
4992
5111
5199
5287
5367
5460
5549
5683
5797
5862
5928
5993
6043
6129
6230
6288
6462
6519
6628
6750
6866
6995
7105
7187
7280
7380
7475
7584
7685
7779
7936
8049
8107
8168
8263
8316
8412
8476
10102
10201
10385
10515
10606
10722
10846
10963
11049
11161
11261
11357
11438
11537
11642
11755
12005
12162
12256
12362
12484
12623
12760
12816
12875
12929
13056
13137
18851
18942
19036
19128
19234
19321
19401
19705
20075
20110
20169
20326
20371
20510
20605
20670
20771
50706
52976
63667
2984
3034
3095
3181
