
2565
2695
2832
3031
3760
4129
3292
4221
4648
13622
13657
13721
13749
15632
48560
51508
1867
3982
4253
7729
8000
8066
11412
16574
17488
23099
23131
23146
23287
23334
23478
23611
23951
9486
9646
9740
9843
10251
13557
13584
14171
15541
16055
19145
19181
19758
20189
28425
28958
29665
33531
42631
43411
43582
44365
45192
45712
46468
46537
46724
46916
61230
61388
61823
61851
62146
62209
62318
65078
67299
70259
70677
78808
92754
4105
4624
4712
5772
5858
5892
6043
7211
7278
8878
9060
12119
12368
12595
13835
14145
14358
14424
14897
15545
17203
17235
1856
1887
3407
3712
3908
4325
4357
9781
10011
27472
27543
30933
31126
31399
32513
33085
33119
33266
